gamma Discrete
7.62736E-01 1.66175E-05
7.57745E-06 9.22478E-05
1.81712E-07 3.13000E-04
1.36135E-09 3.29200E-04
3.09105E-04 6.08259E-04
3.41928E-06 6.42201E-04
2.70989E-04 3.65269E-03
1.49608E-06 3.78523E-03
1.39288E-06 3.84813E-03
7.78852E-05 3.98191E-03
2.76832E-04 4.08379E-03
2.45351E-03 4.09719E-03
1.12585E-06 4.17734E-03
1.44796E-03 4.41300E-03
1.27153E-04 4.42743E-03
2.00360E-04 4.49034E-03
2.38744E-05 4.56633E-03
1.31668E-07 4.61402E-03
1.26338E-07 4.62673E-03
4.02593E-05 4.70486E-03
3.59019E-04 4.70692E-03
1.89442E-06 4.72599E-03
2.82808E-06 4.73937E-03
3.36137E-06 4.75109E-03
1.48915E-08 4.76235E-03
1.37496E-08 4.76373E-03
1.11120E-05 4.89553E-03
1.39229E-07 4.95593E-03
2.16155E-04 5.03405E-03
1.33369E-06 5.08031E-03
1.52095E-08 5.09294E-03
2.74089E-05 5.25621E-03
4.43189E-05 5.26892E-03
2.30419E-07 5.34706E-03
3.49998E-07 5.34913E-03
3.11539E-06 5.40454E-03
4.83836E-06 5.40593E-03
1.40078E-02 2.94521E-02
2.59418E-02 2.97812E-02
2.43522E-03 3.35665E-02
4.72116E-03 3.36295E-02
2.40211E-05 3.38651E-02
3.28048E-05 3.38785E-02
5.10579E-04 3.43952E-02
9.95801E-04 3.44080E-02
4.47782E-06 3.44862E-02
6.10349E-06 3.44882E-02
5.23268E-05 3.45436E-02
9.89453E-05 3.45450E-02
gamma Discrete
2.62257E-02 8.01850E-02
8.98700E-07 8.59000E-02
2.69610E-03 1.77214E-01
3.18630E-05 2.32180E-01
5.77619E-04 2.72498E-01
6.13567E-02 2.84305E-01
1.79740E-05 2.95800E-01
4.73860E-05 3.02400E-01
7.76150E-04 3.18088E-01
2.12420E-04 3.24651E-01
2.73695E-03 3.25789E-01
1.63400E-04 3.58400E-01
8.17000E-01 3.64489E-01
5.47390E-04 4.04814E-01
7.35300E-05 4.49600E-01
3.60297E-03 5.03004E-01
7.17326E-02 6.36989E-01
2.17322E-03 6.42719E-01
1.77289E-02 7.22911E-01
e- Discrete
2.09057E-02 6.93474E-02
6.48077E-03 8.69286E-02
7.23736E-02 9.65904E-02
8.94964E-01 1.91529E-01
4.97755E-04 2.00167E-01
4.77845E-03 2.83194E-01
e- Discrete
1.18727E-01 2.61504E-05
3.62830E-01 3.62367E-05
4.45522E-02 1.23806E-04
8.28747E-03 3.17976E-04
9.96618E-02 5.05029E-04
5.70048E-03 6.17060E-04
3.83051E-05 7.66872E-04
3.92981E-02 3.32402E-03
1.16568E-02 4.00104E-03
8.85238E-04 4.70489E-03
3.93828E-03 2.44715E-02
1.76190E-03 2.86854E-02
1.89387E-04 3.29032E-02
e- Discrete
3.55294E-02 4.56290E-02
1.69406E-06 5.13440E-02
4.33327E-03 7.47681E-02
3.24126E-04 7.50811E-02
8.00774E-05 7.54103E-02
9.64331E-04 7.92584E-02
2.43166E-04 8.01850E-02
2.06940E-07 8.04831E-02
1.51348E-08 8.07961E-02
3.57359E-09 8.11253E-02
4.58713E-08 8.49734E-02
1.15644E-08 8.59000E-02
5.04316E-04 1.42658E-01
5.11055E-05 1.71797E-01
3.25651E-05 1.72110E-01
3.16404E-05 1.72439E-01
2.42841E-05 1.76287E-01
5.83044E-06 1.77214E-01
2.49227E-06 1.97624E-01
2.60584E-07 2.26763E-01
1.20457E-07 2.27076E-01
1.07744E-07 2.27405E-01
1.02231E-07 2.31253E-01
2.47575E-08 2.32180E-01
2.66446E-05 2.37942E-01
2.50626E-03 2.49749E-01
1.68516E-07 2.61244E-01
3.17546E-06 2.67081E-01
2.94161E-07 2.67394E-01
1.53783E-07 2.67723E-01
4.19505E-07 2.67844E-01
7.39866E-07 2.71571E-01
1.85549E-07 2.72498E-01
2.69124E-04 2.78888E-01
9.56999E-05 2.79201E-01
8.00738E-05 2.79530E-01
9.25514E-05 2.83378E-01
2.38652E-05 2.83532E-01
2.25804E-05 2.84305E-01
6.01731E-06 2.90095E-01
1.85656E-08 2.90383E-01
1.19886E-09 2.90696E-01
1.53649E-09 2.91025E-01
7.88794E-05 2.91233E-01
4.30447E-09 2.94873E-01
1.07673E-09 2.95800E-01
4.62843E-08 2.96983E-01
2.94193E-09 2.97296E-01
3.76926E-09 2.97625E-01
1.07081E-08 3.01473E-01
2.67899E-09 3.02400E-01
2.87975E-06 3.12671E-01
1.60366E-07 3.12984E-01
4.41088E-08 3.13313E-01
6.27313E-07 3.17161E-01
1.57987E-07 3.18088E-01
7.00407E-07 3.19234E-01
9.72868E-08 3.19547E-01
6.45437E-08 3.19876E-01
9.48168E-06 3.20372E-01
5.98001E-07 3.20685E-01
2.12597E-07 3.21014E-01
1.76836E-07 3.23724E-01
3.70357E-06 3.23844E-01
4.40167E-08 3.24651E-01
2.09520E-06 3.24862E-01
5.26988E-07 3.25789E-01
1.56323E-02 3.29933E-01
4.46270E-07 3.52983E-01
2.27194E-08 3.53296E-01
5.60284E-09 3.53625E-01
9.64875E-08 3.57473E-01
2.43119E-08 3.58400E-01
1.73458E-03 3.59072E-01
4.22151E-04 3.59385E-01
3.22610E-04 3.59714E-01
5.12402E-04 3.63562E-01
1.26141E-04 3.64489E-01
8.36041E-06 3.70258E-01
9.70620E-07 3.99397E-01
1.22577E-07 3.99710E-01
7.84401E-08 4.00039E-01
2.40032E-07 4.03887E-01
5.98244E-08 4.04814E-01
2.70708E-05 4.68448E-01
3.05659E-06 4.97587E-01
5.23609E-07 4.97900E-01
3.68477E-07 4.98229E-01
8.11899E-07 5.02077E-01
2.01101E-07 5.03004E-01
2.89762E-04 6.02433E-01
8.58230E-06 6.08163E-01
3.31138E-05 6.31572E-01
4.14683E-06 6.31885E-01
2.76177E-06 6.32214E-01
8.18822E-06 6.36063E-01
2.04042E-06 6.36989E-01
9.81148E-07 6.37302E-01
1.21408E-07 6.37615E-01
8.07245E-08 6.37944E-01
2.42047E-07 6.41792E-01
6.03300E-08 6.42719E-01
7.06758E-05 6.88355E-01
8.42644E-06 7.17494E-01
3.35541E-07 7.17807E-01
1.04036E-07 7.18136E-01
1.79196E-06 7.21985E-01
4.53966E-07 7.22911E-01

