****** SAF kg-1 Liver gamma ORNLAdultMale MeV 10e-03 15e-03 20e-03 30e-03 50e-03 100e-03 200e-03 500e-03 1000e-03
Liver 5.36E-01 4.98E-01 4.35E-01 2.96E-01 1.51E-01 9.02E-02 8.67E-02 8.72E-02 7.96E-02 
Kidneys 1.01E-05 7.11E-04 4.35E-03 1.56E-02 1.94E-02 1.51E-02 1.37E-02 1.32E-02 1.23E-02
Lungs 3.85E-04 4.36E-03 1.07E-02 1.71E-02 1.47E-02 1.01E-02 8.98E-03 8.67E-03 8.01E-03 
Pancreas 1.66E-07 2.28E-04 3.64E-03 1.77E-02 2.32E-02 1.81E-02 1.58E-02 1.47E-02 1.34E-02
Spleen 0.00E+00 0.00E+00 8.25E-06 7.09E-04 3.17E-03 3.87E-03 3.72E-03 3.71E-03 3.66E-03
Adrenals 3.83E-04 4.51E-03 1.41E-02 2.67E-02 2.54E-02 1.88E-02 1.73E-02 1.66E-02 1.56E-02 
* ----------------------------------------------------------------------------------------------------
****** SAF kg-1 Kidneys gamma ORNLAdultMale MeV 10e-03 15e-03 20e-03 30e-03 50e-03 100e-03 200e-03 500e-03 1000e-03
Liver 1.02E-05 7.07E-04 4.37E-03 1.57E-02 1.96E-02 1.53E-02 1.38E-02 1.32E-02 1.23E-02
Kidneys 3.26E+00 2.74E+00 2.04E+00 1.02E+00 3.91E-01 2.27E-01 2.35E-01 2.45E-01 2.22E-01
Lungs 0.00E+00 3.34E-07 7.43E-05 1.54E-03 3.60E-03 3.60E-03 3.44E-03 3.53E-03 3.47E-03
Pancreas 0.00E+00 5.22E-05 3.55E-03 2.60E-02 3.45E-02 2.65E-02 2.33E-02 2.18E-02 1.99E-02
Spleen 1.46E-04 8.67E-03 3.63E-02 6.77E-02 5.18E-02 3.33E-02 3.04E-02 2.96E-02 2.73E-02
Adrenals 5.62E-03 3.70E-02 7.59E-02 9.28E-02 6.18E-02 4.04E-02 3.85E-02 3.85E-02 3.56E-02
* ----------------------------------------------------------------------------------------------------
****** SAF kg-1 Lungs gamma ORNLAdultMale MeV 10e-03 15e-03 20e-03 30e-03 50e-03 100e-03 200e-03 500e-03 1000e-03
Liver 3.44E-04 3.88E-03 9.54E-03 1.54E-02 1.35E-02 9.71E-03 8.91E-03 8.67E-03 8.04E-03
Kidneys 0.00E+00 2.10E-07 6.90E-05 1.40E-03 3.28E-03 3.43E-03 3.38E-03 3.53E-03 3.47E-03
Lungs 9.12E-01 7.29E-01 5.10E-01 2.41E-01 9.25E-02 5.11E-02 5.04E-02 5.09E-02 4.50E-02s
Pancreas 0.00E+00 2.10E-05 1.20E-03 8.75E-03 1.23E-02 9.96E-03 8.92E-03 8.42E-03 7.73E-03
Spleen 3.70E-05 1.26E-03 5.50E-03 1.27E-02 1.23E-02 9.00E-03 8.22E-03 7.98E-03 7.45E-03
Adrenals 6.40E-07 7.18E-04 5.21E-03 1.43E-02 1.39E-02 1.08E-02 1.01E-02 9.76E-03 9.36E-03 
* ----------------------------------------------------------------------------------------------------
****** SAF kg-1 Pancreas gamma ORNLAdultMale MeV 10e-03 15e-03 20e-03 30e-03 50e-03 100e-03 200e-03 500e-03 1000e-03
Liver 1.38E-07 2.33E-04 3.66E-03 1.77E-02 2.32E-02 1.79E-02 1.57E-02 1.46E-02 1.34E-02
Kidneys 0.00E+00 5.18E-05 3.56E-03 2.59E-02 3.41E-02 2.60E-02 2.31E-02 2.16E-02 1.98E-02
Lungs 0.00E+00 2.48E-05 1.34E-03 9.60E-03 1.34E-02 1.03E-02 8.95E-03 8.39E-03 7.71E-03
Pancreas 1.46E+01 1.09E+01 7.18E+00 3.12E+00 1.10E+00 6.32E-01 6.68E-01 7.03E-01 6.25E-01
Spleen 1.79E-03 4.34E-02 1.26E-01 1.78E-01 1.20E-01 7.33E-02 6.61E-02 6.38E-02 5.84E-02
Adrenals 0.00E+00 6.30E-05 5.99E-03 3.90E-02 4.62E-02 3.45E-02 3.10E-02 2.90E-02 2.63E-02
* ----------------------------------------------------------------------------------------------------
****** SAF kg-1 Spleen gamma ORNLAdultMale MeV 10e-03 15e-03 20e-03 30e-03 50e-03 100e-03 200e-03 500e-03 1000e-03
Liver 0.00E+00 0.00E+00 7.78E-06 7.02E-04 3.14E-03 3.90E-03 3.72E-03 3.72E-03 3.66E-03
Kidneys 1.43E-04 8.65E-03 3.62E-02 6.77E-02 5.15E-02 3.31E-02 3.03E-02 2.95E-02 2.74E-02
Lungs 3.98E-05 1.41E-03 6.12E-03 1.42E-02 1.34E-02 9.31E-03 8.31E-03 8.03E-03 7.43E-03
Pancreas 1.81E-03 4.35E-02 1.26E-01 1.78E-01 1.21E-01 7.35E-02 6.63E-02 6.39E-02 5.83E-02
Spleen 5.43E+00 4.69E+00 3.59E+00 1.87E+00 7.27E-01 4.13E-01 4.23E-01 4.40E-01 3.98E-01
Adrenals 0.00E+00 2.45E-04 7.08E-03 3.29E-02 3.47E-02 2.45E-02 2.24E-02 2.16E-02 2.02E-02
* ----------------------------------------------------------------------------------------------------
****** SAF kg-1 Adrenals gamma ORNLAdultMale MeV 10e-03 15e-03 20e-03 30e-03 50e-03 100e-03 200e-03 500e-03 1000e-03
Liver 3.39E-04 4.44E-03 1.40E-02 2.67E-02 2.56E-02 1.93E-02 1.75E-02 1.69E-02 1.69E-02
Kidneys 5.59E-03 3.68E-02 7.63E-02 9.33E-02 6.16E-02 4.10E-02 3.87E-02 3.86E-02 3.86E-02
Lungs 2.31E-06 7.67E-04 5.80E-03 1.59E-02 1.55E-02 1.14E-02 1.03E-02 9.95E-03 9.95E-03
Pancreas 0.00E+00 7.29E-05 5.96E-03 3.94E-02 4.73E-02 3.55E-02 3.13E-02 2.92E-02 2.92E-02
Spleen 0.00E+00 2.36E-04 7.07E-03 3.32E-02 3.51E-02 2.50E-02 2.25E-02 2.16E-02 2.16E-02
Adrenals 5.17E+01 3.29E+01 1.89E+01 7.02E+00 2.21E+00 1.31E+00 1.43E+00 1.53E+00 1.53E+00
* ----------------------------------------------------------------------------------------------------