RegionsData
Adrenals                       1.58949         0.102535        53              0.0155095            15.7153              0.9869              
Clavicle                       0.514013        0.0470461       7               0.0820149            55.1843              1.4862              
Heart                          86.5827         7.17438         1957            0.596942             604.866              0.9869              
Liver                          1508.25         130.94          28532           1.80364              1827.58              0.9869              
Lungs                          81.1098         3.85716         3084            0.999883             3380.27              0.2958              
Kidneys                        39.2672         3.16253         975             0.284174             287.946              0.9869              
Pelvis                         8.90496         0.788423        285             0.330997             222.713              1.4862              
Stomach                        43.0858         3.36764         1192            0.396212             401.471              0.9869              
Thymus                         0.728623        0.0694307       12              0.0248035            25.1327              0.9869              
Pancreas                       13.5541         1.06268         337             0.0602628            61.0627              0.9869              
Ovary                          0.006791        2.3566e-05      4               0.00827518           8.38502              0.9869              
SmallIntestine                 63.0072         4.95172         1698            1.0063               1019.65              0.9869              
UpperLargeIntestine            46.4922         3.63678         1149            0.326897             331.237              0.9869              
UrinaryBladder                 3.04305         0.200354        106             0.24492              248.171              0.9869              
MiddleLowerSpine               84.7462         7.79397         2013            0.853062             573.989              1.4862              
LowerLargeIntestine            2.79921         0.187206        130             0.260487             263.945              0.9869              
Uterus                         4.0874          0.313378        113             0.0704708            71.4062              0.9869              
ArmBone                        84.2508         7.79491         1846            1.42011              955.528              1.4862              
Skull                          1.67411         0.137397        53              0.94854              638.231              1.4862              
UpperSpine                     0.141783        0.00666885      12              0.197897             133.156              1.4862              
LegBone                        4.6176          0.380848        155             4.148                2791.01              1.4862              
Head                           23.1538         1.70575         632             5.00507              5071.51              0.9869              
Trunk                          2036.06         160.228         50007           42.0142              43274.6              0.970874            
Legs                           11.8744         0.864562        368             21.7098              21997.9              0.9869              
Skin                           0               0               0               2.78431              2821.27              0.9869              
Rib                            0               0               0               1.03512              696.487              1.4862              
MaleGenitalia                  0.709121        0.0649259       11              0.0412417            41.7891              0.9869              
World                          2.18817e-22     1.9341e-45      45              2.88e-23             288000               1e-25               

TotalEventNumber               10000
EnergyEmittedPerThread         10000
ExecutionTimeInMin             0.0322768
OneEventExecutionTimeInMs      5.37947e-05
ParticleName                   gamma
SourceType                     Volume
SourceRegionName               Liver
EnergyDistribution             Mono
ParticleSourceEnergy           1
MomDirDistribution             Isotropic
RankID                         0
