****** SAF kg-1 Liver gamma MIRDAdultMaleFemale MeV 10e-03 15e-03 20e-03 30e-03 50e-03 100e-03 200e-03 500e-03 1000e-03 1500e-03 2000e-03 4000e-03
Liver 5.36e-01 4.96e-01 4.34e-01 2.97e-01 1.52e-01 9.14e-02 8.82e-02 8.85e-02 8.07e-02 7.48e-02 6.86e-02 5.58e-02
Kidney 8.30e-04 1.26e-03 4.50e-03 1.57e-02 1.95e-02 1.58e-02 1.36e-02 1.29e-02 1.18e-02 1.14e-02 1.10e-02 8.23e-03
Lung 8.00e-05 3.19e-03 9.46e-03 1.64e-02 1.45e-02 9.90e-03 8.84e-03 8.20e-03 7.90e-03 7.72e-03 6.96e-03 5.60e-03
Pancreas 1.47e-03 2.21e-03 2.94e-03 1.67e-02 2.18e-02 1.77e-02 1.35e-02 1.66e-02 1.36e-02 1.21e-02 9.99e-03 8.75e-03
Spleen 7.27e-10 1.09e-09 4.57e-06 1.64e-03 2.93e-03 3.56e-03 3.34e-03 3.44e-03 3.80e-03 2.95e-03 3.14e-03 2.14e-03
Adrenal 2.45e-03 3.68e-03 1.36e-02 2.68e-02 2.15e-02 1.61e-02 1.81e-02 1.68e-02 1.56e-02 1.36e-02 1.53e-02 1.83e-02
Thyroid 1.29e-21 1.94e-21 1.12e-11 1.21e-06 8.81e-05 3.80e-04 8.23e-04 6.32e-04 6.81e-04 6.87e-04 6.90e-04 6.40e-04
* ----------------------------------------------------------------------------------------------------
****** SAF kg-1 Kidney gamma MIRDAdultMaleFemale MeV 10e-03 15e-03 20e-03 30e-03 50e-03 100e-03 200e-03 500e-03 1000e-03 1500e-03 2000e-03 4000e-03
Liver 4.40e-04 6.65e-04 4.68e-03 1.54e-02 1.95e-02 1.53e-02 1.36e-02 1.38e-02 1.22e-02 1.15e-02 1.1e-02 8.79e-03
Kidney 3.28e+00 2.74e+00 2.04e+00 1.03e+00 3.93e-01 2.35e-01 2.39e-01 2.52e-01 2.26e-01 2.14e-01 1.93e-01 1.63e-01
Lung 3.57e-05 5.36e-05 7.15e-05 1.18e-03 3.27e-03 3.37e-03 2.99e-03 3.28e-03 3.30e-03 2.96e-03 2.80e-03 2.72e-03
Pancreas 2.34e-05 3.51e-05 4.45e-03 2.44e-02 3.22e-02 2.63e-02 2.28e-02 2.25e-02 2.24e-02 1.96e-02 1.50e-02 1.47e-02
Spleen 6.19e-03 9.28e-03 3.63e-02 6.69e-02 5.32e-02 3.30e-02 3.11e-02 2.85e-02 2.70e-02 2.41e-02 2.20e-02 1.73e-02
Adrenal 4.70e-03 3.95e-02 8.11e-02 9.44e-02 6.30e-02 4.51e-02 3.48e-02 4.28e-02 4.01e-02 3.61e-02 3.13e-02 2.59e-02
Thyroid 8.15e-27 1.22e-26 3.87e-14 9.30e-08 2.07e-05 1.40e-04 2.42e-04 3.27e-04 3.86e-04 4.11e-04 4.24e-04 4.15e-04
* ----------------------------------------------------------------------------------------------------
****** SAF kg-1 Lung gamma MIRDAdultMaleFemale MeV 10e-03 15e-03 20e-03 30e-03 50e-03 100e-03 200e-03 500e-03 1000e-03 1500e-03 2000e-03 4000e-03
Liver 7.00e-05 2.28e-03 7.25e-03 1.40e-02 1.29e-02 9.50e-03 8.81e-03 8.20e-03 7.70e-03 7.20e-03 6.52e-03 5.78e-03
Kidney 6.42e-08 9.64e-08 5.81e-05 1.24e-03 2.97e-03 3.25e-03 3.14e-03 3.61e-03 3.22e-03 3.61e-03 2.31e-03 2.82e-03
Lung 8.17e-01 6.58e-01 4.71e-01 2.30e-01 8.99e-02 5.05e-02 5.00e-02 5.01e-02 4.55e-02 4.32e-02 3.92e-02 3.08e-02
Pancreas 8.53e-06 1.28e-05 6.38e-04 9.00e-03 1.27e-02 1.04e-02 8.94e-03 9.63e-03 7.11e-03 7.54e-03 5.86e-03 5.10e-03
Spleen 6.63e-04 9.95e-04 4.70e-03 1.27e-02 1.10e-02 9.05e-03 8.18e-03 7.31e-03 7.18e-03 5.31e-03 6.23e-03 5.61e-03
Adrenal 1.24e-03 1.86e-03 2.48e-03 7.17e-03 1.13e-02 1.09e-02 8.77e-03 8.40e-03 7.73e-03 5.94e-03 3.24e-03 5.59e-03
Thyroid 4.05e-09 6.07e-09 2.29e-05 8.09e-04 2.30e-03 3.85e-03 2.97e-03 4.15e-03 4.66e-03 2.75e-03 3.00e-03 2.64e-03
* ----------------------------------------------------------------------------------------------------
****** SAF kg-1 Pancreas gamma MIRDAdultMaleFemale MeV 10e-03 15e-03 20e-03 30e-03 50e-03 100e-03 200e-03 500e-03 1000e-03 1500e-03 2000e-03 4000e-03
Liver 1.54e-04 2.30e-04 3.61e-03 1.64e-02 2.24e-02 1.76e-02 1.56e-02 1.41e-02 1.29e-02 1.21e-02 1.08e-02 9.50e-03
Kidney 2.00e-05 3.39e-05 3.23e-03 2.50e-02 3.37e-02 2.65e-02 2.27e-02 2.13e-02 1.94e-02 1.82e-02 1.63e-02 1.47e-02
Lung 2.75e-06 4.12e-06 1.16e-03 8.87e-03 1.29e-02 1.02e-02 8.92e-03 8.21e-03 7.43e-03 6.77e-03 6.54e-03 5.20e-03
Pancreas 1.47e+01 1.09e+01 7.14e+00 3.16e+00 1.10e+00 6.51e-01 6.88e-01 7.29e-01 6.74e-01 6.33e-01 5.72e-01 4.58e-01
Spleen 1.45e-06 4.48e-02 1.31e-01 1.79e-01 1.25e-01 7.62e-02 6.70e-02 6.59e-02 5.78e-02 5.34e-02 5.07e-02 3.75e-02
Adrenal 3.02e-05 4.54e-05 4.82e-03 3.96e-02 4.60e-02 3.80e-02 2.95e-02 2.90e-02 2.10e-02 2.44e-02 1.85e-02 1.31e-02
Thyroid 1.21e-23 1.81e-23 2.08e-12 7.82e-07 7.99e-05 3.78e-04 5.52e-04 6.49e-04 9.16e-05 7.11e-04 7.11e-04 6.61e-04
* ----------------------------------------------------------------------------------------------------
****** SAF kg-1 Spleen gamma MIRDAdultMaleFemale MeV 10e-03 15e-03 20e-03 30e-03 50e-03 100e-03 200e-03 500e-03 1000e-03 1500e-03 2000e-03 4000e-03
Liver 7.20e-10 1.08e-09 4.25e-06 5.99e-04 2.93e-03 3.78e-03 3.67e-03 3.69e-03 3.53e-03 3.45e-03 3.27e-03 2.82e-03
Kidney 7.02e-03 1.05e-02 3.63e-02 6.65e-02 5.30e-02 3.61e-02 3.14e-02 2.93e-02 2.59e-02 2.55e-02 2.33e-02 1.79e-02
Lung 6.50e-04 9.76e-04 4.97e-03 1.25e-02 1.23e-02 8.90e-03 7.91e-03 7.50e-03 6.87e-03 6.21e-03 6.38e-03 5.23e-03
Pancreas 1.56e-03 4.29e-02 1.26e-01 1.87e-01 1.23e-01 7.35e-02 6.58e-02 6.70e-02 5.80e-02 5.13e-02 4.94e-02 3.75e-02
Spleen 5.44e+00 4.66e+00 3.59e+00 1.86e+00 7.24e-01 4.21e-01 4.32e-01 4.49e-01 4.10e-01 3.77e-01 3.55e-01 2.73e-01
Adrenal 1.11e-04 1.66e-04 9.76e-03 3.35e-02 3.43e-02 2.40e-02 2.32e-02 2.07e-02 2.35e-02 1.95e-02 1.83e-02 1.34e-02
Thyroid 6.30e-24 9.45e-24 9.31e-13 4.27e-07 5.15e-05 2.70e-04 4.16e-04 5.10e-04 5.68e-04 5.83e-04 5.88e-04 5.58e-04
* ----------------------------------------------------------------------------------------------------
****** SAF kg-1 Adrenal gamma MIRDAdultMaleFemale MeV 10e-03 15e-03 20e-03 30e-03 50e-03 100e-03 200e-03 500e-03 1000e-03 1500e-03 2000e-03 4000e-03
Liver 2.70e-04 4.14e-03 1.28e-02 2.64e-02 2.55e-02 1.93e-02 1.76e-02 1.68e-02 1.50e-02 1.45e-02 1.37e-02 1.08e-02
Kidney 4.20e-03 3.71e-02 7.53e-02 9.37e-02 5.90e-02 4.25e-02 4.12e-02 3.95e-02 3.59e-02 3.07e-02 3.14e-02 2.54e-02
Lung 3.19e-04 4.79e-04 3.07e-03 1.03e-02 1.20e-02 9.50e-03 8.91e-03 7.90e-03 7.72e-03 7.42e-03 6.80e-03 5.52e-03
Pancreas 3.02e-05 4.54e-05 7.51e-03 3.84e-02 4.70e-02 3.60e-02 3.03e-02 2.90e-02 2.80e-02 2.59e-02 2.38e-02 2.02e-02
Spleen 4.17e-04 6.26e-04 7.29e-03 3.22e-02 3.48e-02 2.41e-02 2.37e-02 2.22e-02 1.95e-02 1.69e-02 1.69e-02 1.31e-02
Adrenal 5.22e+01 3.29e+01 1.89e+01 7.04e+00 2.23e+00 1.33e+00 1.45e+00 1.57e+00 1.51e+0 1.35e+0 1.32e+0 1.01e+0
Thyroid 2.12e-23 3.18e-23 2.74e-12 9.08e-07 8.81e-05 4.04e-04 5.85e-04 6.83e-04 7.34e-04 8.42e-04 7.39e-04 6.85e-04
* ----------------------------------------------------------------------------------------------------
****** SAF kg-1 Thyroid gamma MIRDAdultMaleFemale MeV 10e-03 15e-03 20e-03 30e-03 50e-03 100e-03 200e-03 500e-03 1000e-03 1500e-03 2000e-03 4000e-03
Liver 1.26e-21 1.90e-21 1.16e-11 1.19e-06 1.93e-04 3.05e-04 4.28e-04 5.49e-04 6.54e-04 7.28e-04 8.78e-04 7.72e-04
Kidney 8.87e-27 1.33e-26 3.98e-14 9.31e-08 2.06e-05 1.20e-04 1.40e-04 1.69e-04 4.12e-04 5.96e-04 4.35e-04 3.09e-04
Lung 1.52e-10 2.28e-09 3.30e-05 1.23e-03 3.89e-03 3.67e-03 3.388e-03 3.67e-03 3.83e-03 3.35e-03 3.17e-03 3.22e-04
Pancreas 1.24e-23 1.86e-23 2.08e-12 7.80e-07 7.98e-05 1.91e-04 3.98e-04 2.34e-04 1.88e-04 1.49e-03 7.11e-04 6.61e-04
Spleen 6.81e-24 1.02e-23 9.64e-13 4.29e-07 1.16e-04 3.75e-04 4.36e-04 4.40e-04 7.21e-04 6.30e-04 4.40e-04 6.85e-04
Adrenal 2.12e-24 3.18e-23 2.74e-12 9.08e-07 8.81e-05 4.04e-04 5.85e-04 6.83e-04 7.34e-04 7.40e-04 7.39e-04 6.85e-04
Thyroid 4.29e+01 2.93e+01 1.81e+01 7.41e-00 2.42e-00 1.44e-00 1.55e-00 1.66e-00 1.54e-00 1.45e+00 1.31e+00 1.05e+00

