RegionsData
Adrenals                       772.33          20.9567         65423           0.0163439            15.7153              1.04                
Clavicle                       5199.87         161.693         364993          0.077258             55.1843              1.4                 
Heart                          57145.5         2005.8          3729054         0.62906              604.866              1.04                
Liver                          96739.8         3424.01         6154651         1.90069              1827.58              1.04                
Lungs                          201394          5140.6          17778578        1.00056              3380.27              0.296               
Kidneys                        8519.31         278.797         584894          0.299464             287.946              1.04                
Pelvis                         2488.61         76.9825         180170          0.311799             222.713              1.4                 
Spleen                         10715.9         374.507         668992          0.182757             175.728              1.04                
Stomach                        18443.6         645.455         1187978         0.41753              401.471              1.04                
Thymus                         11353.1         319.935         896207          0.0261381            25.1327              1.04                
Pancreas                       3010.24         90.3783         230811          0.0635052            61.0627              1.04                
Ovary                          66.2677         1.84858         5189            0.00872043           8.38502              1.04                
SmallIntestine                 11662.7         380.472         840143          1.06044              1019.65              1.04                
UpperLargeIntestine            5111.57         164.296         365466          0.344486             331.237              1.04                
UrinaryBladder                 1046.12         33.5959         74561           0.258097             248.171              1.04                
MiddleLowerSpine               129261          4791.35         7687719         0.803584             573.989              1.4                 
LowerLargeIntestine            1795.74         58.6636         124581          0.274503             263.945              1.04                
Uterus                         484.323         14.6644         38142           0.0742624            71.4062              1.04                
ArmBone                        112718          4209.81         6328454         1.33774              955.528              1.4                 
Brain                          3.08552e+07     1.40788e+06     1261379192      1.5295               1470.67              1.04                
Thyroid                        38212.8         1265.11         2469883         0.0201663            19.3907              1.04                
Skull                          6.15959e+06     244074          304299082       0.889538             635.385              1.4                 
UpperSpine                     491070          20063.9         24595716        0.186419             133.156              1.4                 
LegBone                        1655.73         59.6234         98495           3.90586              2789.9               1.4                 
Head                           1.15584e+07     408879          660299440       5.27591              5072.99              1.04                
Trunk                          3.70848e+06     128363          221107524       42.0142              43274.6              0.970874            
Legs                           5473.71         189.71          327385          22.871               21991.4              1.04                
Skin                           2857.08         85.2232         187112          2.89826              2786.79              1.04                
Rib                            7.12832         0.168109        546             0.974065             695.761              1.4                 
MaleGenitalia                  59.744          1.91521         4097            0.0434325            41.762               1.04                
Testes                         20.8143         0.595688        1622            0.0390401            37.5386              1.04                
World                          5.56117e-18     6.54119e-41     959372          3.096e-23            309600               1e-25               

TotalEventNumber               200000000
EnergyEmittedPerThread         2e+08
ExecutionTimeInMin             909.886
OneEventExecutionTimeInMs      7.58238e-05
ParticleName                   gamma
SourceType                     Volume
SourceRegionName               Brain
EnergyDistribution             Mono
ParticleSourceEnergy           1
MomDirDistribution             Isotropic
RankID                         0
